1243
1327
1364
1745
1793
1845
1896
1943
1994
2047
2103
2146
2193
2249
2309
2357
2409
2457
2509
2556
2607
2655
2707
2754
2805
2849
2897
2944
2995
3037
3244
3319
3446
3495
3601
3681
3752
3812
3912
3962
4064
4119
4225
4286
4624
4691
4752
4820
4890
4955
5029
5103
5228
5291
5353
5424
5535
5651
5776
5846
5916
5980
6043
6104
6165
6226
6285
6344
6434
6516
6598
6673
6744
6815
6886
6970
7054
7138
7214
7290
7366
7442
7518
7587
7656
7725
7794
7861
7928
7995
8062
8129
8194
8259
8324
8389
8454
8519
8587
8655
8720
8785
8850
8915
8980
9042
9107
9172
9237
9302
9367
9432
9492
9551
9620
9805
9941
10017
10151
10486
10658
10749
11170
11302
11599
11712
11817
11928
12025
12129
12236
12352
12534
12646
12736
12822
12902
13260
13368
13686
13804
13917
14037
14155
14268
14381
14484
14584
14684
14782
14888
14987
15251
15343
15592
15684
15933
16025
16274
16366
16454
16692
16780
16863
17091
17177
17258
17337
17416
17498
17576
17652
17730
17868
18103
18190
18281
18370
18455
18558
18645
18718
18793
18874
18949
19025
19104
19180
19259
19330
19403
19482
19555
19629
19707
19853
19940
20025
20108
20203
20292
20374
20474
20626
20715
20806
20903
20994
21086
21181
21273
21443
21530
21619
21853
21933
22035
22146
22250
22422
22499
22591
22684
22782
22880
22980
23080
23189
23298
23395
23490
23587
23685
23787
23882
23979
24077
24126
24234
24301
24345
24393
24622
24684
24805
24887
24962
25035
25314
25558
25822
26186
26384
26642
26900
27154
27404
27664
27918
28154
28390
28638
28888
29142
29428
29734
30018
30244
30386
30468
30593
30656
30723
30792
30866
30939
31014
31093
31164
31237
31313
31381
31449
31518
31588
31654
31737
31820
31903
31974
32047
32134
32258
32331
32398
32460
32524
32599
32673
32749
32829
32901
32975
33052
33121
33190
33260
33331
33398
33482
33566
33650
33722
33796
33884
34009
34082
34149
34276
34340
34411
34486
34560
34636
34716
34788
34862
34939
35008
35077
35147
35218
35285
35369
35453
35537
35609
35683
35771
35840
35901
35975
36047
36119
36191
36258
36323
36388
36453
36514
36578
36642
36706
36907
36994
37190
37259
37326
37389
37452
37515
37578
37638
37713
37786
37866
37926
37986
38046
38121
38196
38271
38353
38435
38517
38655
38796
38958
39120
39209
39284
39343
39402
39461
39520
39579
39638
39697
39922
40029
40113
40180
40247
40440
40513
40714
40786
40995
41071
41441
41713
42068
42180
42243
42306
42369
42432
42498
42564
42641
42718
42789
42860
42931
43002
43070
43138
43211
43284
43596
43791
43986
44181
44292
44455
44629
44803
44977
45151
45325
45499
45596
45821
45989
46157
46250
46562
46671
46833
46930
47151
47313
47475
47637
47726
47953
48052
48272
48431
48590
48749
48908
49067
49154
49362
49512
49662
49743
49954
50041
50261
50429
50597
50690
50982
51079
51227
51308
51521
51683
51845
52007
52169
52331
52428
52653
52827
52924
53177
53298
53549
53738
53927
54034
54288
54405
54646
54823
54922
55002
55355
55412
55467
55524
55580
55634
55691
55758
55808
55871
55939
55997
56063
56131
56196
56260
56378
56463
56547
56632
56718
56804
56888
56965
57030
57104
57179
57245
57318
57384
57449
57514
57589
57642
57707
57767
57830
57884
57941
58001
58062
58120
58182
58241
58310
58373
58429
58491
58558
58616
58687
58752
58809
58876
58938
58994
59052
59115
59188
59258
59323
59392
59465
59526
59606
59678
59745
59815
59880
59945
60011
60076
60141
60210
60284
60349
60412
60471
60537
60599
60666
60730
60793
60862
60931
60981
61038
61098
61163
61226
61348
61423
61487
61563
61629
61704
61770
61838
61901
61971
62034
62097
62160
62223
62296
62364
62427
62491
62550
62621
62693
62765
62839
62908
62973
63036
63110
63184
63251
63315
63399
63467
63522
63573
63631
63692
63744
63797
63857
63926
63992
64045
64101
64155
64212
64269
64324
64373
64442
64500
64567
64633
64692
64755
64820
64894
64966
65026
65091
65154
65209
65271
65331
65393
65471
65545
65620
65678
65736
65804
65864
65920
65977
66049
66113
66178
66256
66326
66390
66458
66522
66595
66664
66732
66798
66860
66929
66993
67055
67111
67171
67227
67285
67343
67412
67478
67549
67608
67668
67728
67805
67881
67952
68022
68082
68141
68205
68277
68350
68425
68489
68558
68621
68688
68749
68806
68866
68921
68977
69032
69106
69166
69226
69286
69343
69410
69468
69529
69579
69629
69681
69735
69798
69864
69930
69983
70043
70100
70154
70217
70282
70346
70406
70472
70527
70607
70683
70757
70832
70907
70981
71060
71153
71228
71305
71363
71425
71486
71551
71618
71683
71737
71799
71855
71913
71972
72025
72082
72143
72206
72272
72336
72393
72450
72517
72587
72645
72708
72762
72820
72887
72947
73013
73067
73121
73175
73231
73302
73372
73431
73507
73583
73660
73730
73787
73846
73902
73957
74011
74066
74126
74181
74249
74302
74359
74413
74471
74539
74616
74679
74746
74818
74881
74944
75008
75123
75284
75323
75362
75400
75489
75545
75605
75646
75692
75744
75782
75824
75873
75926
75980
76038
76092
76150
76204
76262
76315
76372
76415
76462
76557
76602
76647
76701
76758
76812
76866
76920
76974
77031
77088
77142
77199
77253
77310
77367
77417
77465
77513
77668
77708
77752
77796
77844
77886
77932
77980
78018
78060
78100
78144
78186
78232
78273
78318
78365
78407
78489
78532
78623
78718
78821
78976
79074
79116
79161
79210
79263
79318
79374
79422
79474
79569
79659
79709
79763
79817
79884
79948
80013
80079
80149
80210
80292
80354
80414
80478
80539
80602
80668
80736
80800
80861
80925
80998
81055
81118
81177
81241
81309
81370
81432
81498
81556
81633
81691
81748
81818
81865
81918
81984
82051
82103
82155
82265
82327
82385
82444
82507
82571
82627
82763
82824
82879
82950
83028
83102
83183
83243
83302
83376
83440
83500
83564
83636
83713
83771
83833
83897
83978
84043
84100
84156
84219
84281
84339
84398
84458
84522
84583
84636
84692
84754
84815
84878
84917
84961
85009
85054
85097
85141
85180
85228
85272
85314
85360
85404
85446
85489
85574
85620
85673
85730
85774
85815
85946
86010
86074
86174
86232
86499
86578
86645
86723
86796
86866
86937
87002
87078
87154
87220
87305
87379
87450
87519
87589
87681
87752
87820
87900
87968
88042
88118
88191
88248
88305
88355
88406
88453
88508
88608
88669
88723
88782
88845
88896
88945
88993
89040
90073
90177
90281
90385
90489
90592
90695
90798
90901
91004
91107
91211
91315
91418
91521
91625
91728
91831
91935
92037
92140
92243
92418
92522
92624
92726
92828
92932
93035
93139
93243
93346
93448
93551
93654
93757
93861
93965
94067
94170
94273
94376
94478
94581
94684
94788
94891
94994
95097
95201
95305
95407
95510
95613
95717
95820
95922
96026
96128
96231
97415
97517
97620
97722
97826
97928
98032
98133
98235
98339
98443
98545
98648
98751
98854
98957
99061
99164
99268
99372
99476
99578
99682
99785
99888
99991
100095
100199
100302
100404
100506
100608
100710
100813
100917
101021
101125
101227
101329
101432
101535
101638
101742
101845
101949
102051
102154
102265
102368
102470
102572
102675
102779
102882
102985
103270
103373
105782
105884
105987
106090
106194
106297
106400
106503
106607
106709
106812
106916
107020
107123
107227
107331
107434
107538
107640
107742
107844
107948
108051
108154
108258
108360
108463
108565
108669
108772
108875
108978
109133
109236
109339
109442
109545
109648
109837
109940
110043
110146
110250
110354
110458
110560
110663
110765
110868
110972
111075
111178
111328
111431
111534
111637
111740
111844
111948
112052
112155
112258
112362
112466
112611
112713
112817
112920
113023
113127
113230
113333
113437
113540
113643
113746
113848
113951
114054
114156
114259
114363
114402
114506
114609
114712
114815
114918
115021
115124
115227
115331
115435
115538
115641
115745
115849
115952
116055
116159
116263
116365
116468
116572
116675
116777
116880
117018
117968
118070
118174
118277
118380
118484
118587
118690
118793
118897
119000
119104
119208
119310
119413
119517
119619
119723
119826
119929
120033
120137
120241
120345
120448
120552
120656
120758
120869
120972
121076
121183
121286
121389
121492
121595
121699
121803
121905
122008
122110
122213
122315
122417
122519
122621
122724
122828
122931
123033
123137
123241
123344
123447
123549
123653
123756
123859
123962
124065
124168
124439
124543
124647
124749
124859
124962
125065
125168
125272
125374
125478
125581
125685
125787
125890
125993
126097
126201
126303
126406
126509
126613
126715
126817
126920
127023
127126
127229
127331
127434
127537
127640
127742
127844
127947
128050
128154
128258
128362
128466
128570
128673
128776
128879
128982
129086
129188
129291
129394
129497
129600
129703
129807
129910
130014
130116
130220
130324
130427
130530
130633
130735
130838
130942
131045
131148
131251
131354
131457
131560
131662
131766
131869
131972
132075
132178
132281
132384
132488
132591
132694
132798
132902
133006
133109
133213
133317
133420
133524
133627
133730
133833
133935
134039
134142
134245
134347
134451
134553
134657
134760
134863
134967
135070
135173
135276
135380
135483
135586
135689
135792
135895
135998
136101
136203
136306
136409
136512
136616
136719
136822
136925
137029
137132
137235
137337
137441
137544
137914
138017
138120
138223
138333
138436
138540
138644
138747
138850
138953
139056
139160
139264
139366
139469
139573
139677
139779
139882
139986
140089
140193
140297
140408
140511
140615
140717
140821
140923
141027
141130
141233
141336
141439
141543
141645
141749
141853
141955
142059
142162
142265
142369
142471
142575
142678
142781
142885
142988
143092
143196
143300
143402
143506
143608
143711
143815
143918
144021
144125
144227
144330
144433
144535
144639
144743
144845
144949
145052
145155
145258
145414
145518
145621
145723
145826
145928
146031
146135
146239
146342
146444
146548
146651
146753
146856
146960
147063
147165
147268
147372
147474
147584
147687
147791
147893
148369
148472
148574
148676
148778
148880
148983
149086
149190
149294
149397
149500
149604
149706
149810
149914
150018
150122
150226
150329
150431
150535
150638
150742
150845
150949
151052
151154
151258
151361
151464
151567
151670
151773
151874
151977
152081
152183
152286
152388
152492
152596
152698
152802
152905
153009
153113
153256
153359
153462
153565
153668
153813
153917
154062
154164
154267
154370
154473
154577
154680
154783
154887
154990
155093
155196
155298
155409
155512
155614
155718
155821
155925
156028
156131
156235
156339
156442
156543
156646
156750
156853
156957
157060
157163
157266
157370
157473
157576
157680
157783
157886
157989
158093
158196
158299
158402
158505
158608
158711
158814
158916
159019
159121
159225
159329
159432
159535
159637
160234
160282
160336
160655
160697
160755
160820
160881
161220
161270
162274
162326
162387
162438
163383
163434
163493
164570
164615
164668
164879
164924
164986
165715
165867
165947
167664
167715
167766
167807
169876
169915
169964
170106
170366
170410
170451
170493
171351
171389
171441
172262
172319
172387
172581
172880
172923
173164
173270
173554
173607
173648
174404
174614
175772
175966
176011
176442
176509
177072
177115
177170
177558
177699
177794
177889
177984
178402
178504
178608
178711
178815
178917
179021
179125
179227
179330
179433
179536
179639
179742
179845
179949
180052
180155
180258
180362
180465
180567
180670
180773
180877
180979
181082
181186
181289
181392
181494
181596
181699
181802
181905
182009
182112
182215
182364
182406
182509
182613
182716
182762
182952
183056
183159
183262
183366
183412
183471
183527
183584
183642
183704
183757
183831
183885
183937
183993
184252
184296
184342
184792
184894
184997
185100
185203
185342
185394
185794
185837
187018
187074
187113
187199
187256
187303
187387
187442
187499
187544
187588
187642
187995
188053
188111
188170
188227
188284
188400
188452
188503
188555
188605
188655
188894
188940
188989
189216
189319
189369
189408
189448
189501
189930
190033
190136
190239
190342
190445
190548
190651
190754
190857
190960
191063
191165
191269
191373
191476
191578
191682
191785
191889
191993
192096
192200
192303
192407
192510
192613
192717
192820
192924
193027
193129
193231
193341
193445
193548
193652
193756
193866
193970
194073
194118
194160
194264
194419
194522
194623
194726
194829
194933
195036
195138
195241
195344
195447
195621
195724
195828
195968
196022
196203
196249
196353
196454
196763
196818
196876
196936
196992
197045
197101
197166
197215
197503
197606
197709
197812
197915
198018
198120
198223
198326
198430
198534
198637
198739
198842
198945
199048
199150
199253
199357
199461
199564
199667
199770
199874
199978
200081
200184
200295
200398
200501
200604
200707
200810
200913
201016
201119
201222
201325
201428
201531
201635
201738
201841
201944
202047
202150
202254
202399
202445
202494
202597
202700
202804
202906
203008
203112
203215
203318
203421
203524
203628
203745
203848
203950
204054
204106
204149
204252
204360
204464
204567
204670
204772
204874
204977
205080
205183
205286
205341
205387
205586
205647
205733
205782
205829
205879
205974
206025
206073
206131
206183
206228
206279
206335
206421
206481
206535
206946
206992
207052
207893
207949
208091
208136
208238
208289
208443
208493
208600
208649
208698
208747
208796
208845
208894
208946
209008
209067
209121
209174
209228
209286
209336
209405
209455
209840
209898
209960
210010
210079
210140
210196
210257
210316
210370
210424
210479
210533
210587
210645
210708
210762
210806
210911
211056
211168
211361
211454
211590
211694
211795
211898
212000
212104
212207
212310
212412
212515
212619
212722
212826
212930
213034
213138
213241
213344
213447
213550
213654
213757
213860
213964
214068
214172
214280
214384
214487
214589
214692
214795
214898
215001
215104
215208
215311
215415
215517
215620
215723
216030
216128
216174
216278
216330
216383
216486
216589
216693
216796
216833
216875
216930
217031
217135
217238
217341
217445
217549
217653
217756
217864
217968
218071
218174
218277
218320
218520
218571
218627
218680
218732
218790
218907
219050
219101
219142
219183
219233
219286
219336
219386
219436
219486
219539
219592
219642
219695
219745
219798
219851
219899
219945
219989
220033
220144
220563
220667
220770
220874
220976
221128
221188
221407
221465
221548
221659
221699
221746
221838
221889
222161
222265
222367
222470
222573
222677
222780
222884
222986
223089
223192
223296
223400
223504
223608
223711
223815
223919
224023
224127
224231
224334
224438
224541
224644
224747
224850
224953
225063
225164
225268
225370
225474
225578
225730
225832
225936
226039
226143
226246
226471
226573
226676
226778
226881
226984
227087
227190
227293
227397
227500
227602
227705
227808
227912
228016
228120
228222
228325
228429
228533
228635
228779
228825
228874
228928
228980
229027
229074
229122
229170
229218
229266
229323
229371
229419
229469
229525
229575
229626
229680
229731
229785
229841
229899
229963
230021
230080
230142
230201
230263
230773
231035
231143
231460
231563
231666
231770
231874
231984
232087
232190
232293
232396
232500
232602
232706
232810
232913
233017
233121
233225
233329
233432
233536
233639
233749
233852
233956
234060
234163
234264
234366
234469
234572
234676
234780
234884
234988
235092
235196
235307
235410
235513
235616
235719
235822
235925
236028
236131
236233
236337
236658
236761
236864
236967
237070
237173
237277
237381
237484
237586
237689
237792
237896
237999
238102
238203
238306
238409
238511
239275
239320
239424
239528
239727
239826
239929
240032
240136
240240
240383
240435
240499
240554
241064
241299
241356
241408
241453
241512
241564
241616
241668
241720
241782
241839
241891
242219
242463
242541
242611
242681
242744
242804
244261
244322
244385
244443
244566
244731
245051
245111
245258
245615
248131
248187
248503
248943
249075
249258
249447
249892
249942
249986
250026
250073
250168
250221
250276
250332
250380
250432
250543
250584
250626
250675
250733
250964
251075
251125
251170
251213
251259
251305
251349
253534
253573
253607
253918
253957
254002
254042
254086
254130
254174
254222
254270
254323
254365
254411
254459
254497
254539
254579
254623
254666
254709
254753
254792
254848
254892
254936
254986
255028
255074
255115
255160
255206
255258
255305
255347
255389
255435
255478
256013
256058
256260
256301
256647
256811
257253
258159
258215
258260
258320
258378
258443
258491
258546
258594
258646
258700
258763
258824
259505
259643
259692
259743
259785
259830
259875
259920
259980
260040
260100
260167
260234
260301
260355
260407
260451
260506
260557
260606
260657
260724
260787
260851
260898
260945
261002
261051
261104
261150
261211
261264
261318
261385
261444
261505
261562
261615
261677
261983
262048
262103
262154
262212
262265
262319
262363
262414
262459
262547
262590
262679
262724
262831
262908
263054
263112
263167
263227
263275
263324
263373
263439
263504
263564
263623
263672
263720
263773
263834
263896
263960
264013
264071
264123
264179
264229
264275
264418
264462
264503
264548
264592
264673
264736
264787
264844
264894
264943
264992
265067
265111
265157
265201
265245
265289
265333
265369
265409
265465
265512
265558
265606
265660
265708
265757
265810
265863
265913
265952
266037
266248
266332
266380
266425
266473
266516
266566
266918
267699
267752
267853
267895
268047
268442
268485
268653
268965
269071
269129
269189
269249
269318
269387
270249
271418
271475
271512
271761
271869
271919
271973
272026
272886
272941
272998
273056
273105
273160
273204
273273
273337
273400
273464
273529
273594
273657
273713
273778
273841
273905
273969
274032
274100
274182
274246
274520
274564
274608
274652
274696
274743
274787
274843
274894
274944
274997
275051
275096
275148
275193
275247
275291
275335
275391
275445
275581
275630
275760
275809
275862
275914
275963
276006
276057
276399
276445
276495
276618
276692
276744
276796
276848
276891
276942
276987
277034
277082
277390
277438
277485
277531
278025
278071
278197
278356
278709
278813
279181
279228
279961
280011
280857
280910
280958
281004
281052
281263
281318
281420
281466
281512
282079
282135
282194
282235
282536
282583
282635
282678
282979
283547
283779
283924
283969
284018
284068
284122
284172
284315
284362
284418
284603
285048
285426
285475
285523
285573
285616
285825
285875
285929
285970
286341
286384
286429
286497
286548
286597
286650
286690
286789
287074
287146
287218
287290
287354
287418
287482
287546
287610
287667
287724
287781
287838
287889
287944
287999
288054
288109
288164
288217
288270
288323
288376
288429
288482
288538
288594
288647
288700
288753
288806
288859
288909
288962
289015
289068
289121
289174
289227
289270
289904
289959
290016
290074
290113
290271
291696
291739
292042
292287
292421
292469
292534
292599
292665
292724
292770
292818
292863
293071
293127
293344
293532
293890
293938
293985
294033
294081
294129
294177
294220
294271
294322
294366
294415
294477
294539
294595
294651
294707
294763
294816
294869
294913
294970
295012
295069
295126
295184
295242
295288
295348
295391
295476
295544
295752
295840
295957
296080
296153
296354
296417
296540
296697
296835
296917
297038
297132
297250
297317
297487
297599
297657
297721
297843
297916
297993
298178
298235
298284
298421
298522
298647
298716
298859
299015
299163
299236
299298
299410
299480
299536
299593
299659
299711
299767
299821
299884
299945
299997
300049
300743
300833
300886
301014
301055
301100
301140
301184
301221
301262
301302
301346
301403
301460
301552
301600
301646
301681
301760
301800
