11
57
110
159
214
289
338
385
428
481
522
575
628
701
748
813
862
923
973
1026
1077
1122
1159
1208
89085
96334
96765
96917
97176
97244
97360
103088
103115
103143
103178
103244
103476
103521
103566
103609
103677
103716
103757
103798
103842
103884
103929
103977
104026
104079
104126
104178
104223
104273
104317
104365
104419
104464
104510
104555
104600
104645
104690
104735
104780
104831
104879
104924
104962
104999
105036
105072
105125
105168
105213
105264
105316
105362
105413
105472
105532
105585
105639
105683
105746
109082
111282
112570
116983
117067
117139
117179
117241
117267
124278
124370
137647
159740
159862
159924
160197
160378
160949
161002
161317
161360
161660
161935
161981
162034
162082
162143
162190
162233
162491
162945
163034
163092
163163
163208
163304
163557
163604
163647
163731
163776
163864
163923
163970
164009
164073
164122
164167
164228
164267
164347
164398
164477
164716
164765
164830
165050
165347
165400
165480
165533
165615
165662
165764
165803
165913
165987
166089
166138
166234
167009
167098
167144
167226
167295
167325
167394
167443
167502
167544
167593
167626
167867
167924
167983
168044
168146
168193
168309
168350
168381
168442
168530
168572
168603
168633
168664
168705
168736
168797
168832
168867
169391
169440
169519
169559
169830
170010
170071
170270
170539
170732
170838
170957
171017
171081
171148
171248
171281
171497
171565
171630
171665
172058
172168
172221
172445
172483
172535
172625
172676
172829
172973
173052
173213
173315
173361
173521
173698
173757
174070
174353
174450
174498
174536
174661
174700
174745
175209
175470
175678
175727
175823
175917
176059
176094
176143
176200
176284
176336
176396
176555
176604
176691
176740
176779
176812
176908
177004
177037
177257
177431
177503
178031
182318
182864
184046
184125
184387
184436
184491
185307
185448
185496
185883
186207
187165
187692
188341
188705
188839
189041
189104
189543
189636
189689
189744
189831
189883
194367
195931
196071
196110
196155
197270
197315
197380
197421
197464
202357
205435
205525
205691
205926
206590
206869
207104
207159
207227
207288
207361
207648
207701
207781
207832
208183
208345
208394
208553
209504
209555
210857
210963
211012
211099
211214
211270
211312
211407
215827
215864
215908
216078
218371
218426
218965
220079
220206
220276
221248
221299
221794
222031
222068
222110
225682
226349
226400
228738
230310
230449
230570
230615
230732
230828
230919
230955
230994
231098
231226
231267
231322
231369
236385
238615
238904
239224
239630
240344
240597
240889
240955
241006
241117
241170
241217
242275
242865
243056
243233
243441
243637
243927
244045
244618
244790
245178
245321
245426
245488
245678
245951
246124
246293
246470
246650
246825
247000
247170
247213
247393
247574
247759
247930
248240
248576
248622
248812
249319
249506
249686
250486
250788
250835
250884
251008
251387
251500
251677
251782
251905
252028
252173
252304
252432
252603
252723
252850
253063
253250
253349
253433
253693
253740
253866
255519
255587
255866
255939
256346
256409
256501
256584
256862
256920
256973
257054
257105
257156
257204
257300
257337
257394
257439
257843
257876
258940
259105
259346
259563
261735
261837
261911
262955
265041
265991
266078
266116
266160
266291
266618
266699
266973
267027
267076
267129
267420
267807
267939
267982
268096
268407
268525
268596
268711
268758
268840
269430
269475
269754
269821
270201
270301
270487
270645
270831
270993
271235
271553
271600
271675
271720
271811
272085
272126
272256
272541
272621
272656
272701
272752
272810
274376
274447
275491
275544
275674
276105
276149
276195
276266
276309
276360
277163
277272
277326
277583
277757
277824
277871
277947
277984
278110
278259
278303
278425
278468
278520
278597
278654
278864
279014
279061
279138
279274
279549
279586
279659
279700
279749
279829
279874
280108
280546
280625
280714
280772
280813
281095
281158
281371
281565
281610
281667
281993
282332
282393
282442
282747
282788
282842
282885
282932
283025
283076
283443
283498
283601
283674
283725
283825
283870
284226
284526
284563
284658
284703
284752
284805
284887
284946
285015
285091
285142
285188
285225
285287
285334
285379
285659
285700
285752
286015
286294
286734
286834
286875
286921
286996
289324
289407
289692
289737
289798
289860
290156
290225
290309
290368
290430
290493
290655
290692
290816
291254
291293
291332
291380
291417
291786
291942
291991
292102
292157
292232
292346
292382
292966
293182
293223
293260
293297
293406
293449
293576
300097
300155
300194
300235
300660
300937
300975
301850
301905
