1277
1405
1673
3083
3129
3185
3392
3545
3868
4016
4172
4341
4388
4433
4564
5156
5485
5598
5720
9689
9745
9889
10100
10203
10308
10411
10574
10840
10930
11048
11427
11510
12447
12989
13074
13163
13476
13579
15090
15166
15431
15507
15772
15848
16113
16189
16539
16611
16942
17012
17798
17951
18027
19785
20557
21368
21697
21775
22347
24184
24452
24507
24566
24748
25107
25164
25237
25406
25480
25652
25735
25934
26012
26097
26302
26486
26562
26740
26818
27002
27076
27248
27324
27502
27581
27768
27841
28010
28080
28240
28313
28482
28558
28736
28810
28982
29060
29244
29334
29554
29642
29856
29935
30122
30177
30310
30529
32202
33953
34211
36767
36835
37068
37127
38586
38723
38885
39047
39762
39840
40314
40375
40580
40645
40857
40924
41144
41204
41271
41354
41541
41625
41817
41886
41975
43359
43432
43512
43707
43902
44097
44378
44552
44726
44900
45074
45248
45422
45675
45746
45914
46082
46327
46400
46479
46756
47009
47078
47240
47402
47564
47801
47875
48132
48200
48359
48518
48677
48836
48995
49228
49293
49443
49593
49814
49882
50115
50186
50354
50522
50767
50832
50905
51158
51379
51448
51610
51772
51934
52096
52258
52503
52576
52750
53003
53088
53389
53467
53656
53845
54118
54201
54494
54568
54745
55057
56313
61285
75070
75181
75235
75450
76504
77563
77624
78453
78578
78678
78772
78884
78936
79034
79528
79615
82217
82670
82713
85530
85854
85896
86133
86292
86337
86386
86439
88557
96334
96658
96822
96958
97029
97082
97135
97202
97318
145361
153216
153772
154021
170187
177213
177604
177651
177746
177841
177936
182906
184209
187303
188705
189216
189592
189777
196557
196673
196719
205435
206382
206869
208000
208040
211507
211547
215969
216980
218474
218848
221079
221366
221504
221615
221933
221982
230365
230410
230513
230879
231186
231418
241260
241944
250123
250923
253645
256705
258884
259563
262503
262639
262771
264631
266657
266740
268096
268840
269863
270158
270419
272843
274312
276549
277124
278153
278771
279874
280063
281158
281952
282280
282442
283398
284844
287035
290544
290589
292922
293014
293492
295430
295617
295681
296018
296226
296290
296480
296641
296770
296979
297194
297380
297433
297540
297781
298070
298120
298361
298583
298783
298952
299089
299345
300702
300789
301509
301720
301942
