1243
1277
1327
1364
1405
1673
1745
1793
1845
1896
1943
1994
2047
2103
2146
2193
2249
2309
2357
2409
2457
2509
2556
2607
2655
2707
2754
2805
2849
2897
2944
2995
3037
3083
3129
3185
3244
3319
3392
3446
3495
3545
3601
3681
3752
3812
3868
3912
3962
4016
4064
4119
4172
4225
4286
4341
4388
4433
4564
4624
4691
4752
4820
4890
4955
5029
5103
5156
5228
5291
5353
5424
5485
5535
5598
5651
5720
5776
5846
5916
5980
6043
6104
6165
6226
6285
6344
6434
6516
6598
6673
6744
6815
6886
6970
7054
7138
7214
7290
7366
7442
7518
7587
7656
7725
7794
7861
7928
7995
8062
8129
8194
8259
8324
8389
8454
8519
8587
8655
8720
8785
8850
8915
8980
9042
9107
9172
9237
9302
9367
9432
9492
9551
9620
9689
9745
9805
9889
9941
10017
10100
10151
10203
10308
10411
10486
10574
10658
10749
10840
10930
11048
11170
11302
11427
11510
11599
11712
11817
11928
12025
12129
12236
12352
12447
12534
12646
12736
12822
12902
12989
13074
13163
13260
13368
13476
13579
13686
13804
13917
14037
14155
14268
14381
14484
14584
14684
14782
14888
14987
15090
15166
15251
15343
15431
15507
15592
15684
15772
15848
15933
16025
16113
16189
16274
16366
16454
16539
16611
16692
16780
16863
16942
17012
17091
17177
17258
17337
17416
17498
17576
17652
17730
17798
17868
17951
18027
18103
18190
18281
18370
18455
18558
18645
18718
18793
18874
18949
19025
19104
19180
19259
19330
19403
19482
19555
19629
19707
19785
19853
19940
20025
20108
20203
20292
20374
20474
20557
20626
20715
20806
20903
20994
21086
21181
21273
21368
21443
21530
21619
21697
21775
21853
21933
22035
22146
22250
22347
22422
22499
22591
22684
22782
22880
22980
23080
23189
23298
23395
23490
23587
23685
23787
23882
23979
24077
24126
24184
24234
24301
24345
24393
24452
24507
24566
24622
24684
24748
24805
24887
24962
25035
25107
25164
25237
25314
25406
25480
25558
25652
25735
25822
25934
26012
26097
26186
26302
26384
26486
26562
26642
26740
26818
26900
27002
27076
27154
27248
27324
27404
27502
27581
27664
27768
27841
27918
28010
28080
28154
28240
28313
28390
28482
28558
28638
28736
28810
28888
28982
29060
29142
29244
29334
29428
29554
29642
29734
29856
29935
30018
30122
30177
30244
30310
30386
30468
30529
30593
30656
30723
30792
30866
30939
31014
31093
31164
31237
31313
31381
31449
31518
31588
31654
31737
31820
31903
31974
32047
32134
32202
32258
32331
32398
32460
32524
32599
32673
32749
32829
32901
32975
33052
33121
33190
33260
33331
33398
33482
33566
33650
33722
33796
33884
33953
34009
34082
34149
34211
34276
34340
34411
34486
34560
34636
34716
34788
34862
34939
35008
35077
35147
35218
35285
35369
35453
35537
35609
35683
35771
35840
35901
35975
36047
36119
36191
36258
36323
36388
36453
36514
36578
36642
36706
36767
36835
36907
36994
37068
37127
37190
37259
37326
37389
37452
37515
37578
37638
37713
37786
37866
37926
37986
38046
38121
38196
38271
38353
38435
38517
38586
38655
38723
38796
38885
38958
39047
39120
39209
39284
39343
39402
39461
39520
39579
39638
39697
39762
39840
39922
40029
40113
40180
40247
40314
40375
40440
40513
40580
40645
40714
40786
40857
40924
40995
41071
41144
41204
41271
41354
41441
41541
41625
41713
41817
41886
41975
42068
42180
42243
42306
42369
42432
42498
42564
42641
42718
42789
42860
42931
43002
43070
43138
43211
43284
43359
43432
43512
43596
43707
43791
43902
43986
44097
44181
44292
44378
44455
44552
44629
44726
44803
44900
44977
45074
45151
45248
45325
45422
45499
45596
45675
45746
45821
45914
45989
46082
46157
46250
46327
46400
46479
46562
46671
46756
46833
46930
47009
47078
47151
47240
47313
47402
47475
47564
47637
47726
47801
47875
47953
48052
48132
48200
48272
48359
48431
48518
48590
48677
48749
48836
48908
48995
49067
49154
49228
49293
49362
49443
49512
49593
49662
49743
49814
49882
49954
50041
50115
50186
50261
50354
50429
50522
50597
50690
50767
50832
50905
50982
51079
51158
51227
51308
51379
51448
51521
51610
51683
51772
51845
51934
52007
52096
52169
52258
52331
52428
52503
52576
52653
52750
52827
52924
53003
53088
53177
53298
53389
53467
53549
53656
53738
53845
53927
54034
54118
54201
54288
54405
54494
54568
54646
54745
54823
54922
55002
55057
55355
55412
55467
55524
55580
55634
55691
55758
55808
55871
55939
55997
56063
56131
56196
56260
56313
56378
56463
56547
56632
56718
56804
56888
56965
57030
57104
57179
57245
57318
57384
57449
57514
57589
57642
57707
57767
57830
57884
57941
58001
58062
58120
58182
58241
58310
58373
58429
58491
58558
58616
58687
58752
58809
58876
58938
58994
59052
59115
59188
59258
59323
59392
59465
59526
59606
59678
59745
59815
59880
59945
60011
60076
60141
60210
60284
60349
60412
60471
60537
60599
60666
60730
60793
60862
60931
60981
61038
61098
61163
61226
61285
61348
61423
61487
61563
61629
61704
61770
61838
61901
61971
62034
62097
62160
62223
62296
62364
62427
62491
62550
62621
62693
62765
62839
62908
62973
63036
63110
63184
63251
63315
63399
63467
63522
63573
63631
63692
63744
63797
63857
63926
63992
64045
64101
64155
64212
64269
64324
64373
64442
64500
64567
64633
64692
64755
64820
64894
64966
65026
65091
65154
65209
65271
65331
65393
65471
65545
65620
65678
65736
65804
65864
65920
65977
66049
66113
66178
66256
66326
66390
66458
66522
66595
66664
66732
66798
66860
66929
66993
67055
67111
67171
67227
67285
67343
67412
67478
67549
67608
67668
67728
67805
67881
67952
68022
68082
68141
68205
68277
68350
68425
68489
68558
68621
68688
68749
68806
68866
68921
68977
69032
69106
69166
69226
69286
69343
69410
69468
69529
69579
69629
69681
69735
69798
69864
69930
69983
70043
70100
70154
70217
70282
70346
70406
70472
70527
70607
70683
70757
70832
70907
70981
71060
71153
71228
71305
71363
71425
71486
71551
71618
71683
71737
71799
71855
71913
71972
72025
72082
72143
72206
72272
72336
72393
72450
72517
72587
72645
72708
72762
72820
72887
72947
73013
73067
73121
73175
73231
73302
73372
73431
73507
73583
73660
73730
73787
73846
73902
73957
74011
74066
74126
74181
74249
74302
74359
74413
74471
74539
74616
74679
74746
74818
74881
74944
75008
75070
75123
75181
75235
75284
75323
75362
75400
75450
75489
75545
75605
75646
75692
75744
75782
75824
75873
75926
75980
76038
76092
76150
76204
76262
76315
76372
76415
76462
76504
76557
76602
76647
76701
76758
76812
76866
76920
76974
77031
77088
77142
77199
77253
77310
77367
77417
77465
77513
77563
77624
77668
77708
77752
77796
77844
77886
77932
77980
78018
78060
78100
78144
78186
78232
78273
78318
78365
78407
78453
78489
78532
78578
78623
78678
78718
78772
78821
78884
78936
78976
79034
79074
79116
79161
79210
79263
79318
79374
79422
79474
79528
79569
79615
79659
79709
79763
79817
79884
79948
80013
80079
80149
80210
80292
80354
80414
80478
80539
80602
80668
80736
80800
80861
80925
80998
81055
81118
81177
81241
81309
81370
81432
81498
81556
81633
81691
81748
81818
81865
81918
81984
82051
82103
82155
82217
82265
82327
82385
82444
82507
82571
82627
82670
82713
82763
82824
82879
82950
83028
83102
83183
83243
83302
83376
83440
83500
83564
83636
83713
83771
83833
83897
83978
84043
84100
84156
84219
84281
84339
84398
84458
84522
84583
84636
84692
84754
84815
84878
84917
84961
85009
85054
85097
85141
85180
85228
85272
85314
85360
85404
85446
85489
85530
85574
85620
85673
85730
85774
85815
85854
85896
85946
86010
86074
86133
86174
86232
86292
86337
86386
86439
86499
86578
86645
86723
86796
86866
86937
87002
87078
87154
87220
87305
87379
87450
87519
87589
87681
87752
87820
87900
87968
88042
88118
88191
88248
88305
88355
88406
88453
88508
88557
88608
88669
88723
88782
88845
88896
88945
88993
89040
