239630
239767
242275
242392
242865
242986
243056
243168
243233
243441
243563
243726
243794
243854
243927
244045
244187
244497
244618
244790
244914
244985
245488
245678
245802
245879
245951
246058
246124
246228
246293
246404
246470
246584
246650
246758
246825
246933
247000
247105
247213
247327
247393
247507
247574
247694
247759
247865
247930
248058
248240
248434
248622
248740
248812
249000
249134
249193
249319
249826
258940
259047
259105
259225
259346
259449
262955
264368
268840
269011
270487
270587
270645
270751
270831
270934
271129
271178
271235
271339
277583
277705
284226
284467
