89085
96334
96765
97176
97244
103115
103143
103178
103244
103476
103521
103566
103609
103677
103716
103757
103798
103842
103884
103929
103977
104026
104079
104126
104178
104223
104273
104317
104365
104419
104464
104510
104555
104600
104645
104690
104735
104780
104831
104879
104924
104962
104999
105036
105072
105125
105168
105213
105264
105316
105362
105413
105472
105532
105585
105639
105683
105746
117179
117241
117267
124278
124370
239630
242275
242865
243056
243233
243441
243637
243927
244045
244618
244790
245178
245321
245426
245488
245678
245951
246124
246293
246470
246650
246825
247000
247170
247213
247393
247574
247759
247930
248240
248576
248622
248812
249319
249506
249686
258940
259105
259346
262955
265041
268840
270487
270645
270831
270993
271235
277583
280625
284226
