90073
90177
90281
90385
90489
90592
90695
90798
90901
91004
91107
91211
91315
91418
91521
91625
91728
91831
91935
92037
92140
92243
92346
92418
92522
92624
92726
92828
92932
93035
93139
93243
93346
93448
93551
93654
93757
93861
93965
94067
94170
94273
94376
94478
94581
94684
94788
94891
94994
95097
95201
95305
95407
95510
95613
95717
95820
95922
96026
96128
96231
97415
97517
97620
97722
97826
97928
98032
98133
98235
98339
98443
98545
98648
98751
98854
98957
99061
99164
99268
99372
99476
99578
99682
99785
99888
99991
100095
100199
100302
100404
100506
100608
100710
100813
100917
101021
101125
101227
101329
101432
101535
101638
101742
101845
101949
102051
102154
102265
102368
102470
102572
102675
102779
102882
102985
103270
103373
105782
105884
105987
106090
106194
106297
106400
106503
106607
106709
106812
106916
107020
107123
107227
107331
107434
107538
107640
107742
107844
107948
108051
108154
108258
108360
108463
108565
108669
108772
108875
108978
109133
109236
109339
109442
109545
109648
109751
109837
109940
110043
110146
110250
110354
110458
110560
110663
110765
110868
110972
111075
111178
111328
111431
111534
111637
111740
111844
111948
112052
112155
112258
112362
112466
112611
112713
112817
112920
113023
113127
113230
113333
113437
113540
113643
113746
113848
113951
114054
114156
114259
114402
114506
114609
114712
114815
114918
115021
115124
115227
115331
115435
115538
115641
115745
115849
115952
116055
116159
116263
116365
116468
116572
116675
116777
116880
117968
118070
118174
118277
118380
118484
118587
118690
118793
118897
119000
119104
119208
119310
119413
119517
119619
119723
119826
119929
120033
120137
120241
120345
120448
120552
120656
120758
120869
120972
121076
121183
121286
121389
121492
121595
121699
121803
121905
122008
122110
122213
122315
122417
122519
122621
122724
122828
122931
123033
123137
123241
123344
123447
123549
123653
123756
123859
123962
124065
124168
124439
124543
124647
124749
124859
124962
125065
125168
125272
125374
125478
125581
125685
125787
125890
125993
126097
126201
126303
126406
126509
126613
126715
126817
126920
127023
127126
127229
127331
127434
127537
127640
127742
127844
127947
128050
128154
128258
128362
128466
128570
128673
128776
128879
128982
129086
129188
129291
129394
129497
129600
129703
129807
129910
130014
130116
130220
130324
130427
130530
130633
130735
130838
130942
131045
131148
131251
131354
131457
131560
131662
131766
131869
131972
132075
132178
132281
132384
132488
132591
132694
132798
132902
133006
133109
133213
133317
133420
133524
133627
133730
133833
133935
134039
134142
134245
134347
134451
134553
134657
134760
134863
134967
135070
135173
135276
135380
135483
135586
135689
135792
135895
135998
136101
136203
136306
136409
136512
136616
136719
136822
136925
137029
137132
137235
137337
137441
137544
137914
138017
138120
138223
138333
138436
138540
138644
138747
138850
138953
139056
139160
139264
139366
139469
139573
139677
139779
139882
139986
140089
140193
140297
140408
140511
140615
140717
140821
140923
141027
141130
141233
141336
141439
141543
141645
141749
141853
141955
142059
142162
142265
142369
142471
142575
142678
142781
142885
142988
143092
143196
143300
143402
143506
143608
143711
143815
143918
144021
144125
144227
144330
144433
144535
144639
144743
144845
144949
145052
145155
145258
145414
145518
145621
145723
145826
145928
146031
146135
146239
146342
146444
146548
146651
146753
146856
146960
147063
147165
147268
147372
147474
147584
147687
147791
147893
147997
148369
148472
148574
148676
148778
148880
148983
149086
149190
149294
149397
149500
149604
149706
149810
149914
150018
150122
150226
150329
150431
150535
150638
150742
150845
150949
151052
151154
151258
151361
151464
151567
151670
151773
151874
151977
152081
152183
152286
152388
152492
152596
152698
152802
152905
153009
153113
153256
153359
153462
153565
153668
153813
153917
154062
154164
154267
154370
154473
154577
154680
154783
154887
154990
155093
155196
155298
155409
155512
155614
155718
155821
155925
156028
156131
156235
156339
156442
156543
156646
156750
156853
156957
157060
157163
157266
157370
157473
157576
157680
157783
157886
157989
158093
158196
158299
158402
158505
158608
158711
158814
158916
159019
159121
159225
159329
159432
159535
159637
178402
178504
178608
178711
178815
178917
179021
179125
179227
179330
179433
179536
179639
179742
179845
179949
180052
180155
180258
180362
180465
180567
180670
180773
180877
180979
181082
181186
181289
181392
181494
181596
181699
181802
181905
182009
182112
182215
182406
182509
182613
182762
182952
183056
183159
183262
184792
184894
184997
185100
185203
189930
190033
190136
190239
190342
190445
190548
190651
190754
190857
190960
191063
191165
191269
191373
191476
191578
191682
191785
191889
191993
192096
192200
192303
192407
192510
192613
192717
192820
192924
193027
193129
193231
193341
193445
193548
193652
193756
193866
193970
194160
194264
194419
194522
194623
194726
194829
194933
195036
195138
195241
195344
195447
195549
195621
195724
195828
196249
196353
196454
197503
197606
197709
197812
197915
198018
198120
198223
198326
198430
198534
198637
198739
198842
198945
199048
199150
199253
199357
199461
199564
199667
199770
199874
199978
200081
200184
200295
200398
200501
200604
200707
200810
200913
201016
201119
201222
201325
201428
201531
201635
201738
201841
201944
202047
202150
202254
202494
202597
202700
202804
202906
203008
203112
203215
203318
203421
203524
203628
203745
203848
203950
204149
204252
204360
204464
204567
204670
204772
204874
204977
205080
205183
211590
211694
211795
211898
212000
212104
212207
212310
212412
212515
212619
212722
212826
212930
213034
213138
213241
213344
213447
213550
213654
213757
213860
213964
214068
214172
214280
214384
214487
214589
214692
214795
214898
215001
215104
215208
215311
215415
215517
215620
215723
216174
216383
216486
216589
216693
217031
217135
217238
217341
217445
217549
217653
217756
217864
217968
218071
218174
220563
220667
220770
220874
220976
222161
222265
222367
222470
222573
222677
222780
222884
222986
223089
223192
223296
223400
223504
223608
223711
223815
223919
224023
224127
224231
224334
224438
224541
224644
224747
224850
224953
225063
225164
225268
225370
225474
225578
225730
225832
225936
226039
226143
226246
226471
226573
226676
226778
226881
226984
227087
227190
227293
227397
227500
227602
227705
227808
227912
228016
228120
228222
228325
228429
228533
228635
231460
231563
231666
231770
231874
231984
232087
232190
232293
232396
232500
232602
232706
232810
232913
233017
233121
233225
233329
233432
233536
233639
233749
233852
233956
234060
234163
234264
234366
234469
234572
234676
234780
234884
234988
235092
235196
235307
235410
235513
235616
235719
235822
235925
236028
236131
236233
236658
236761
236864
236967
237070
237173
237277
237381
237484
237586
237689
237792
237896
237999
238102
238203
238306
238409
238511
239320
239424
239528
239826
239929
240032
240136
240240
