96334
96658
96822
96958
97029
97082
97135
97202
97318
114363
117018
145361
153216
153772
154021
160234
160282
160336
160655
160697
160755
160820
160881
161220
161270
162274
162326
162387
162438
163383
163434
163493
164570
164615
164668
164879
164924
164986
165715
165867
165947
167664
167715
167766
167807
169876
169915
169964
170106
170187
170366
170410
170451
170493
171351
171389
171441
172262
172319
172387
172581
172880
172923
173164
173270
173554
173607
173648
174404
174614
175772
175966
176011
176442
176509
177072
177115
177170
177213
177558
177604
177651
177699
177746
177794
177841
177889
177936
177984
182364
182716
182906
183366
183412
183471
183527
183584
183642
183704
183757
183831
183885
183937
183993
184209
184252
184296
184342
185342
185394
185794
185837
187018
187074
187113
187199
187256
187303
187303
187387
187442
187499
187544
187588
187642
187995
188053
188111
188170
188227
188284
188400
188452
188503
188555
188605
188655
188705
188894
188940
188989
189216
189216
189319
189369
189408
189448
189501
189592
189777
194073
194118
195968
196022
196203
196557
196673
196719
196763
196818
196876
196936
196992
197045
197101
197166
197215
202399
202445
204054
204106
205286
205341
205387
205435
205586
205647
205733
205782
205829
205879
205974
206025
206073
206131
206183
206228
206279
206335
206382
206421
206481
206535
206869
206946
206992
207052
207893
207949
208000
208040
208091
208136
208238
208289
208443
208493
208600
208649
208698
208747
208796
208845
208894
208946
209008
209067
209121
209174
209228
209286
209336
209405
209455
209840
209898
209960
210010
210079
210140
210196
210257
210316
210370
210424
210479
210533
210587
210645
210708
210762
210806
210911
211056
211168
211361
211454
211507
211547
215969
216030
216128
216278
216330
216796
216833
216875
216930
216980
218277
218320
218474
218520
218571
218627
218680
218732
218790
218848
218907
219050
219101
219142
219183
219233
219286
219336
219386
219436
219486
219539
219592
219642
219695
219745
219798
219851
219899
219945
219989
220033
220144
221079
221128
221188
221366
221407
221465
221504
221548
221615
221659
221699
221746
221838
221889
221933
221982
228779
228825
228874
228928
228980
229027
229074
229122
229170
229218
229266
229323
229371
229419
229469
229525
229575
229626
229680
229731
229785
229841
229899
229963
230021
230080
230142
230201
230263
230365
230410
230513
230773
230879
231035
231143
231186
231418
236337
239275
239727
240383
240435
240499
240554
241064
241260
241299
241356
241408
241453
241512
241564
241616
241668
241720
241782
241839
241891
241944
242219
242463
242541
242611
242681
242744
242804
244261
244322
244385
244443
244566
244731
245051
245111
245258
245615
248131
248187
248503
248943
249075
249258
249447
249892
249942
249986
250026
250073
250123
250168
250221
250276
250332
250380
250432
250543
250584
250626
250675
250733
250923
250964
251075
251125
251170
251213
251259
251305
251349
253534
253573
253607
253645
253918
253957
254002
254042
254086
254130
254174
254222
254270
254323
254365
254411
254459
254497
254539
254579
254623
254666
254709
254753
254792
254848
254892
254936
254986
255028
255074
255115
255160
255206
255258
255305
255347
255389
255435
255478
256013
256058
256260
256301
256647
256705
256811
257253
258159
258215
258260
258320
258378
258443
258491
258546
258594
258646
258700
258763
258824
258884
259505
259563
259643
259692
259743
259785
259830
259875
259920
259980
260040
260100
260167
260234
260301
260355
260407
260451
260506
260557
260606
260657
260724
260787
260851
260898
260945
261002
261051
261104
261150
261211
261264
261318
261385
261444
261505
261562
261615
261677
261983
262048
262103
262154
262212
262265
262319
262363
262414
262459
262503
262547
262590
262639
262679
262724
262771
262831
262908
263054
263112
263167
263227
263275
263324
263373
263439
263504
263564
263623
263672
263720
263773
263834
263896
263960
264013
264071
264123
264179
264229
264275
264418
264462
264503
264548
264592
264631
264673
264736
264787
264844
264894
264943
264992
265067
265111
265157
265201
265245
265289
265333
265369
265409
265465
265512
265558
265606
265660
265708
265757
265810
265863
265913
265952
266037
266248
266332
266380
266425
266473
266516
266566
266657
266740
266918
267699
267752
267853
267895
268047
268096
268442
268485
268653
268840
268965
269071
269129
269189
269249
269318
269387
269863
270158
270249
270419
271418
271475
271512
271761
271869
271919
271973
272026
272843
272886
272941
272998
273056
273105
273160
273204
273273
273337
273400
273464
273529
273594
273657
273713
273778
273841
273905
273969
274032
274100
274182
274246
274312
274520
274564
274608
274652
274696
274743
274787
274843
274894
274944
274997
275051
275096
275148
275193
275247
275291
275335
275391
275445
275581
275630
275760
275809
275862
275914
275963
276006
276057
276399
276445
276495
276549
276618
276692
276744
276796
276848
276891
276942
276987
277034
277082
277124
277390
277438
277485
277531
278025
278071
278153
278197
278356
278709
278771
278813
279181
279228
279874
279961
280011
280063
280857
280910
280958
281004
281052
281158
281263
281318
281420
281466
281512
281952
282079
282135
282194
282235
282280
282442
282536
282583
282635
282678
282979
283398
283547
283779
283924
283969
284018
284068
284122
284172
284315
284362
284418
284603
284844
285048
285426
285475
285523
285573
285616
285825
285875
285929
285970
286341
286384
286429
286497
286548
286597
286650
286690
286789
287035
287074
287146
287218
287290
287354
287418
287482
287546
287610
287667
287724
287781
287838
287889
287944
287999
288054
288109
288164
288217
288270
288323
288376
288429
288482
288538
288594
288647
288700
288753
288806
288859
288909
288962
289015
289068
289121
289174
289227
289270
289904
289959
290016
290074
290113
290271
290544
290589
291696
291739
292042
292287
292421
292469
292534
292599
292665
292724
292770
292818
292863
292922
293014
293071
293127
293344
293492
293532
293890
293938
293985
294033
294081
294129
294177
294220
294271
294322
294366
294415
294477
294539
294595
294651
294707
294763
294816
294869
294913
294970
295012
295069
295126
295184
295242
295288
295348
295391
295430
295476
295544
295617
295681
295752
295840
295957
296018
296080
296153
296226
296290
296354
296417
296480
296540
296641
296697
296770
296835
296917
296979
297038
297132
297194
297250
297317
297380
297433
297487
297540
297599
297657
297721
297781
297843
297916
297993
298070
298120
298178
298235
298284
298361
298421
298522
298583
298647
298716
298783
298859
298952
299015
299089
299163
299236
299298
299345
299410
299480
299536
299593
299659
299711
299767
299821
299884
299945
299997
300049
300702
300743
300789
300833
300886
301014
301055
301100
301140
301184
301221
301262
301302
301346
301403
301460
301509
301552
301600
301646
301681
301720
301760
301800
301942
